Source	Target	Weight
1	2	1
1	14	3
1	26	1
1	38	1
1	42	1
1	55	1
1	64	1
1	65	1
1	71	2
1	76	1
1	88	1
1	203	1
1	252	1
2	6	1
2	7	2
2	8	1
2	10	2
2	12	1
2	14	2
2	15	3
2	16	1
2	17	2
2	18	1
2	20	1
2	22	1
2	24	2
2	26	2
2	27	2
2	28	2
2	30	2
2	31	2
2	32	1
2	34	1
2	35	2
2	36	1
2	38	1
2	40	1
2	41	1
2	42	2
2	43	1
2	45	1
2	48	1
2	50	3
2	51	1
2	53	1
2	54	1
2	55	2
2	57	2
2	58	1
2	59	1
2	61	2
2	62	1
2	64	3
2	65	1
2	66	2
2	67	2
2	68	1
2	71	2
2	73	1
2	75	2
2	77	2
2	78	2
2	79	1
2	80	2
2	82	1
2	83	2
2	84	1
2	96	1
2	99	1
2	101	1
2	107	1
2	108	2
2	112	1
2	122	1
2	128	1
2	147	1
2	155	1
2	164	1
2	166	1
2	172	1
2	175	2
2	181	2
2	184	1
2	187	1
2	194	1
2	196	1
2	199	1
2	202	1
2	205	1
2	208	1
2	215	2
2	216	1
2	219	1
2	225	2
2	228	1
2	244	2
2	276	1
2	278	1
2	283	1
2	284	2
2	346	1
2	351	1
2	360	1
3	6	2
3	7	1
3	10	2
3	12	1
3	14	1
3	15	1
3	16	3
3	18	1
3	20	1
3	24	1
3	26	1
3	27	1
3	28	1
3	33	1
3	34	1
3	35	1
3	36	3
3	37	1
3	38	3
3	40	1
3	43	1
3	55	1
3	57	2
3	62	1
3	64	2
3	65	1
3	66	1
3	67	2
3	71	1
3	72	1
3	83	1
3	96	1
3	107	1
3	112	1
3	122	2
3	155	1
3	164	1
3	166	1
3	172	1
3	173	1
3	181	2
3	194	1
3	199	1
3	204	1
3	211	1
3	215	1
3	219	1
3	221	1
3	252	1
3	256	1
3	276	1
3	289	1
3	364	1
3	377	1
3	384	1
3	386	1
3	440	1
4	7	1
4	10	1
4	11	2
4	18	1
4	19	1
4	21	2
4	22	1
4	33	1
4	39	1
4	49	1
4	50	1
4	57	1
4	75	1
4	82	1
4	96	2
4	108	2
4	173	1
4	197	1
4	205	1
4	211	1
4	227	1
4	314	1
4	333	1
4	334	1
4	345	1
4	348	1
4	369	1
4	386	1
5	7	1
5	9	1
5	15	1
5	18	1
5	57	1
5	61	1
5	173	1
5	308	1
5	345	1
5	359	1
5	364	1
6	12	1
6	13	1
6	14	1
6	15	1
6	16	2
6	23	2
6	24	2
6	25	1
6	29	2
6	33	1
6	36	3
6	38	2
6	43	1
6	52	1
6	54	1
6	66	1
6	73	1
6	94	1
6	108	1
6	122	1
6	124	1
6	159	1
6	166	1
6	185	1
6	196	1
6	218	1
6	222	1
7	8	2
7	9	1
7	10	2
7	14	3
7	15	2
7	17	2
7	18	1
7	19	1
7	20	1
7	21	1
7	22	1
7	24	2
7	26	3
7	27	3
7	28	2
7	30	2
7	31	2
7	32	1
7	34	3
7	38	2
7	40	2
7	41	1
7	42	2
7	48	1
7	50	3
7	53	1
7	55	2
7	59	1
7	61	2
7	62	2
7	64	3
7	66	1
7	67	2
7	70	1
7	71	2
7	77	2
7	78	1
7	80	2
7	83	2
7	96	1
7	101	1
7	108	1
7	112	1
7	122	1
7	147	2
7	164	1
7	166	3
7	169	2
7	181	2
7	184	1
7	199	1
7	205	1
7	208	1
7	209	1
7	215	2
7	219	2
7	225	1
7	256	1
7	265	1
7	267	1
7	276	1
7	278	1
7	287	1
7	293	1
7	305	2
7	307	1
7	308	1
7	309	1
7	312	1
7	320	1
7	326	1
7	388	1
7	403	1
7	433	1
8	15	1
8	19	1
8	22	1
8	24	1
8	34	2
8	38	1
8	50	2
8	57	1
8	58	1
8	62	1
8	63	1
8	71	1
8	83	2
8	108	1
8	135	1
8	169	1
8	199	1
8	210	1
8	215	1
8	252	1
8	305	1
9	15	1
9	21	1
9	22	1
9	40	1
9	54	1
9	57	1
9	96	1
9	108	1
9	166	1
9	173	1
9	205	1
9	252	1
9	305	1
9	345	1
9	351	1
9	359	1
10	11	1
10	14	1
10	15	1
10	20	1
10	22	1
10	27	1
10	28	1
10	31	1
10	32	1
10	34	1
10	38	3
10	39	1
10	40	1
10	42	1
10	46	1
10	50	1
10	53	1
10	55	1
10	57	1
10	58	1
10	59	1
10	62	1
10	63	1
10	64	1
10	68	1
10	71	1
10	77	1
10	85	1
10	99	1
10	101	1
10	122	2
10	166	1
10	259	1
11	12	1
11	14	1
11	22	1
11	26	1
11	30	1
11	32	1
11	33	1
11	35	1
11	36	1
11	37	1
11	40	1
11	41	1
11	48	1
11	50	1
11	51	1
11	55	1
11	65	1
11	76	1
11	78	1
11	79	2
11	83	1
11	105	1
11	108	1
11	109	1
11	112	1
11	116	1
11	118	1
11	135	1
11	139	1
11	143	1
11	147	1
11	203	1
11	205	1
11	206	1
11	209	1
11	210	1
11	211	1
11	213	1
11	216	1
11	220	1
11	221	1
11	224	1
11	227	1
11	234	1
11	240	1
11	251	1
11	255	1
11	256	1
11	261	1
11	262	1
11	265	1
11	268	1
11	277	1
11	286	1
11	289	1
11	293	1
11	294	1
11	312	1
11	347	1
12	15	1
12	18	1
12	20	1
12	21	1
12	26	1
12	27	1
12	29	1
12	30	1
12	32	1
12	33	1
12	35	1
12	36	1
12	37	2
12	38	1
12	40	1
12	43	1
12	46	1
12	49	1
12	50	1
12	51	1
12	54	1
12	57	2
12	58	1
12	59	1
12	60	1
12	62	1
12	65	1
12	70	1
12	75	1
12	76	1
12	78	1
12	79	1
12	81	1
12	84	1
12	96	2
12	99	1
12	108	1
12	116	1
12	122	1
12	131	1
12	135	2
12	143	1
12	146	1
12	147	1
12	163	1
12	166	1
12	173	2
12	175	1
12	183	1
12	184	1
12	194	1
12	196	1
12	197	1
12	199	1
12	205	2
12	206	1
12	207	1
12	210	1
12	211	1
12	213	1
12	216	1
12	220	1
12	224	1
12	225	1
12	227	1
12	234	1
12	240	1
12	250	1
12	251	1
12	254	1
12	256	1
12	261	1
12	262	1
12	263	1
12	265	1
12	267	1
12	268	1
12	270	1
12	275	1
12	276	1
12	278	1
12	280	1
12	282	1
12	286	1
12	287	1
12	288	1
12	289	1
12	293	1
12	307	1
12	308	1
12	310	1
12	312	1
12	314	1
12	324	1
12	333	1
12	334	1
12	346	1
12	348	1
12	349	1
12	362	1
12	376	1
12	391	1
12	400	1
12	423	1
12	430	1
12	431	1
12	434	1
12	449	1
13	29	1
13	36	1
13	38	1
13	94	1
14	15	3
14	19	1
14	22	2
14	24	3
14	26	1
14	27	1
14	30	1
14	33	1
14	34	2
14	38	2
14	40	2
14	41	1
14	42	1
14	48	1
14	50	2
14	52	2
14	55	1
14	61	1
14	62	1
14	64	2
14	65	3
14	66	1
14	67	1
14	71	2
14	72	2
14	76	1
14	83	3
14	85	2
14	87	2
14	88	2
14	89	1
14	90	1
14	91	2
14	93	2
14	101	1
14	102	1
14	103	1
14	104	1
14	110	2
14	111	2
14	112	1
14	115	1
14	120	2
14	130	1
14	164	1
14	166	2
14	169	1
14	225	2
14	248	1
14	252	1
14	267	1
14	322	1
14	332	1
14	336	1
14	343	1
14	352	2
14	354	1
14	393	1
14	404	1
14	426	1
14	428	1
14	435	1
14	444	1
15	16	1
15	17	1
15	18	2
15	20	1
15	21	1
15	22	1
15	24	2
15	26	3
15	27	3
15	28	2
15	31	3
15	32	1
15	33	1
15	34	2
15	36	2
15	37	2
15	38	2
15	40	4
15	41	1
15	42	2
15	45	1
15	48	1
15	50	3
15	52	1
15	53	2
15	54	2
15	55	2
15	57	4
15	58	1
15	59	1
15	60	1
15	61	2
15	62	2
15	64	2
15	66	2
15	67	2
15	68	1
15	71	2
15	77	2
15	78	1
15	80	2
15	83	3
15	95	1
15	96	2
15	101	2
15	107	1
15	108	1
15	121	1
15	122	1
15	147	1
15	160	1
15	161	1
15	165	1
15	166	1
15	173	1
15	181	2
15	187	1
15	192	1
15	196	1
15	199	3
15	201	1
15	202	1
15	205	2
15	209	2
15	211	2
15	215	3
15	220	1
15	225	1
15	227	1
15	228	1
15	233	1
15	235	1
15	241	1
15	244	2
15	245	1
15	252	2
15	256	1
15	275	1
15	278	1
15	283	1
15	303	1
15	305	2
15	306	1
15	308	1
15	309	1
15	312	1
15	328	1
15	344	1
15	351	1
15	360	1
15	386	1
15	433	1
15	437	1
16	22	1
16	23	2
16	24	2
16	28	1
16	29	1
16	30	1
16	33	1
16	35	1
16	36	3
16	38	1
16	41	1
16	43	1
16	45	1
16	61	1
16	64	3
16	66	1
16	73	1
16	75	1
16	84	1
16	94	2
16	98	1
16	99	1
16	100	1
16	122	2
16	140	1
16	155	1
16	166	2
16	177	1
16	194	1
16	222	1
16	273	1
16	432	1
17	18	1
17	22	1
17	27	1
17	34	1
17	38	1
17	54	2
17	57	1
17	66	1
17	96	1
17	108	2
17	122	1
17	146	1
17	166	2
17	173	1
17	181	1
17	205	1
17	227	1
17	251	1
17	306	1
17	308	1
17	309	1
17	319	1
17	345	1
17	346	1
17	351	1
17	353	1
17	358	1
17	359	1
17	364	1
17	400	1
17	434	1
18	19	1
18	21	1
18	27	1
18	30	1
18	31	1
18	34	1
18	38	1
18	40	1
18	50	1
18	53	1
18	57	1
18	58	1
18	59	1
18	61	1
18	76	1
18	96	1
18	108	2
18	118	1
18	139	1
18	163	1
18	166	2
18	196	1
18	197	1
18	205	1
18	220	1
18	240	1
18	252	1
18	261	1
18	284	1
18	305	1
18	309	1
18	310	1
18	328	1
18	345	1
18	351	1
18	355	1
18	392	1
18	409	1
19	20	1
19	22	1
19	26	1
19	32	1
19	36	1
19	38	1
19	40	1
19	42	1
19	44	1
19	45	1
19	48	1
19	50	1
19	58	1
19	59	1
19	64	1
19	67	1
19	68	1
19	69	1
19	76	1
19	80	1
19	81	1
19	95	1
19	100	1
19	108	1
19	135	1
19	147	1
19	148	1
19	215	1
19	244	1
19	413	1
20	22	1
20	24	1
20	26	1
20	27	1
20	37	1
20	38	1
20	40	1
20	50	2
20	58	1
20	64	1
20	83	1
20	95	1
20	107	2
20	108	1
20	118	1
20	139	1
20	147	1
20	205	1
20	208	1
20	210	1
20	211	1
20	215	1
20	216	2
20	221	2
20	224	1
20	225	1
20	227	1
20	234	1
20	240	1
20	252	2
20	283	1
20	289	2
20	294	1
21	40	2
21	53	1
21	57	1
21	71	1
21	96	2
21	173	2
21	205	1
21	209	1
21	252	1
21	305	1
21	308	1
21	312	1
22	24	1
22	26	2
22	27	3
22	28	1
22	29	1
22	30	1
22	31	2
22	33	1
22	34	2
22	36	1
22	38	1
22	39	1
22	40	3
22	41	1
22	42	2
22	46	1
22	49	1
22	50	3
22	52	1
22	53	1
22	54	1
22	55	2
22	57	1
22	58	1
22	59	2
22	60	1
22	61	2
22	62	1
22	64	2
22	66	1
22	67	1
22	68	1
22	71	3
22	76	1
22	77	1
22	78	1
22	79	1
22	80	3
22	83	2
22	96	1
22	101	2
22	107	1
22	108	1
22	122	1
22	147	2
22	157	1
22	181	1
22	184	1
22	199	2
22	209	1
22	215	3
22	225	1
22	244	1
22	267	1
22	278	1
22	282	1
22	283	1
22	302	1
22	305	1
22	320	1
22	326	1
22	341	1
22	351	1
22	360	1
22	411	1
22	440	1
23	24	1
23	29	1
23	36	3
23	124	1
24	25	1
24	26	1
24	27	1
24	28	1
24	29	1
24	31	1
24	34	1
24	38	2
24	40	1
24	41	1
24	42	1
24	45	1
24	47	1
24	48	1
24	50	2
24	54	1
24	55	2
24	58	1
24	60	1
24	61	1
24	62	1
24	64	2
24	65	1
24	66	2
24	67	1
24	68	1
24	70	1
24	71	2
24	73	1
24	74	1
24	77	1
24	78	2
24	83	2
24	89	1
24	92	1
24	94	1
24	96	1
24	101	1
24	108	1
24	112	1
24	122	1
24	124	1
24	128	1
24	145	1
24	150	1
24	154	1
24	157	1
24	159	1
24	160	1
24	162	1
24	164	1
24	166	1
24	174	1
24	181	1
24	185	1
24	191	1
24	193	1
24	199	1
24	212	1
24	218	1
24	219	1
24	222	1
24	232	1
24	244	1
24	253	1
24	264	1
24	272	1
24	368	1
24	374	1
24	380	1
24	387	1
25	29	1
25	36	2
25	122	1
26	27	2
26	28	1
26	30	1
26	31	1
26	33	1
26	34	3
26	38	1
26	40	2
26	41	1
26	42	2
26	46	1
26	48	1
26	50	1
26	53	1
26	54	1
26	55	2
26	59	1
26	64	1
26	66	2
26	67	1
26	68	1
26	70	1
26	71	1
26	77	2
26	78	1
26	79	1
26	82	1
26	83	2
26	92	1
26	101	2
26	108	1
26	112	1
26	114	1
26	116	1
26	122	1
26	123	1
26	139	1
26	164	1
26	166	2
26	170	1
26	181	1
26	199	1
26	201	1
26	213	1
26	219	1
26	229	1
26	252	1
26	270	1
26	300	1
26	304	1
26	305	1
26	450	1
27	28	2
27	29	1
27	31	2
27	33	1
27	34	2
27	35	1
27	36	1
27	38	2
27	40	1
27	42	2
27	50	1
27	54	1
27	55	1
27	58	1
27	61	2
27	64	2
27	66	2
27	67	2
27	68	1
27	69	1
27	71	2
27	75	1
27	77	3
27	78	1
27	79	1
27	80	1
27	83	2
27	96	1
27	101	1
27	108	2
27	122	1
27	166	2
27	169	1
27	175	1
27	181	1
27	186	1
27	187	2
27	192	1
27	199	1
27	201	1
27	202	1
27	215	1
27	220	1
27	235	1
27	244	1
27	245	2
27	252	2
27	280	1
27	306	1
27	315	1
28	31	2
28	33	2
28	34	1
28	38	3
28	42	1
28	44	2
28	50	1
28	55	2
28	61	1
28	64	2
28	66	2
28	67	2
28	71	2
28	77	3
28	78	1
28	80	1
28	83	1
28	101	1
28	108	1
28	166	2
28	176	1
28	177	2
28	181	1
28	187	1
28	199	2
28	205	1
28	206	1
28	215	1
28	244	2
28	247	1
28	252	1
28	260	1
28	273	2
28	279	1
28	295	1
28	301	1
28	336	1
28	371	1
29	36	2
29	38	1
29	60	1
29	73	1
29	74	1
29	83	1
29	94	1
29	124	1
29	128	1
29	159	1
29	160	1
29	174	1
29	185	1
29	218	1
29	222	1
29	232	1
29	272	1
29	368	1
29	374	1
30	31	1
30	38	1
30	42	1
30	50	1
30	64	2
30	83	1
30	108	2
30	139	1
30	187	1
30	202	1
30	207	1
30	208	1
30	209	1
30	252	1
30	261	1
31	32	1
31	33	1
31	35	1
31	38	3
31	40	1
31	42	1
31	55	1
31	64	2
31	66	2
31	67	1
31	71	2
31	77	3
31	78	2
31	83	1
31	96	1
31	97	2
31	98	2
31	164	1
31	166	3
31	169	1
31	171	2
31	173	1
31	181	2
31	187	2
31	188	2
31	190	2
31	199	2
31	200	2
31	201	2
31	202	2
31	205	2
31	206	1
31	207	1
31	208	1
31	215	1
31	217	1
31	223	1
31	235	2
31	242	2
31	244	1
31	246	1
31	252	1
31	258	1
31	269	1
31	284	1
31	291	1
31	292	1
31	311	2
32	57	1
32	78	1
32	80	1
32	173	1
32	196	1
32	245	1
32	256	1
33	34	1
33	36	2
33	38	1
33	40	1
33	42	1
33	47	1
33	50	1
33	53	1
33	55	1
33	57	1
33	62	1
33	65	1
33	68	1
33	83	1
33	96	1
33	108	2
33	122	1
33	169	1
33	187	1
33	199	1
33	203	1
33	207	1
33	209	1
33	215	1
33	234	1
33	241	1
33	252	1
33	261	1
33	305	1
34	37	1
34	38	1
34	40	3
34	42	2
34	48	1
34	50	3
34	53	2
34	54	1
34	55	2
34	58	2
34	61	1
34	63	1
34	64	2
34	65	1
34	66	1
34	67	1
34	71	3
34	77	1
34	83	2
34	95	1
34	96	1
34	107	2
34	108	1
34	122	2
34	147	2
34	166	2
34	181	1
34	184	1
34	211	1
34	215	3
34	216	1
34	221	2
34	225	2
34	234	1
34	241	1
34	252	1
34	289	2
34	290	1
34	294	1
34	318	1
35	38	1
35	42	1
35	44	1
35	53	1
35	56	1
35	67	1
35	69	1
35	78	1
35	83	1
35	119	1
35	166	1
35	207	1
35	209	1
35	261	1
35	347	1
36	38	2
36	45	1
36	48	1
36	53	1
36	54	1
36	56	1
36	59	1
36	60	2
36	64	1
36	66	1
36	68	1
36	73	1
36	74	2
36	83	1
36	94	2
36	122	3
36	124	3
36	128	1
36	145	1
36	150	1
36	154	2
36	155	1
36	159	2
36	160	1
36	166	2
36	169	1
36	218	1
36	222	2
36	232	1
36	272	1
36	395	1
37	40	2
37	50	3
37	53	1
37	57	2
37	83	1
37	96	2
37	108	1
37	166	1
37	169	1
37	184	1
37	196	1
37	205	1
37	211	2
37	224	1
37	234	1
37	251	1
37	252	1
37	261	1
37	278	1
37	305	1
37	381	1
38	40	1
38	42	2
38	43	2
38	45	1
38	48	1
38	50	2
38	51	1
38	54	3
38	55	1
38	56	1
38	57	1
38	58	1
38	59	1
38	61	2
38	62	1
38	64	4
38	65	2
38	66	3
38	67	2
38	68	1
38	70	1
38	71	2
38	72	1
38	75	2
38	77	2
38	78	1
38	82	1
38	83	2
38	84	1
38	85	1
38	89	1
38	93	1
38	101	1
38	105	1
38	108	1
38	109	1
38	112	1
38	122	1
38	126	1
38	131	1
38	155	1
38	164	1
38	166	2
38	175	2
38	181	2
38	184	1
38	192	1
38	196	1
38	199	2
38	204	1
38	205	1
38	215	2
38	216	1
38	219	2
38	221	1
38	225	2
38	241	1
38	244	1
38	252	1
38	254	1
38	256	1
38	264	1
38	267	1
38	270	1
38	276	1
38	278	1
38	283	1
38	284	1
38	286	1
38	352	1
38	384	1
38	387	1
39	50	1
39	147	1
39	205	1
39	210	1
39	211	1
39	215	1
39	265	1
40	41	1
40	42	1
40	50	3
40	51	1
40	53	1
40	54	1
40	55	2
40	56	1
40	57	3
40	58	2
40	59	1
40	62	2
40	63	1
40	64	3
40	66	2
40	67	1
40	68	2
40	71	2
40	76	1
40	77	1
40	78	1
40	80	1
40	83	2
40	95	2
40	96	3
40	101	2
40	105	1
40	108	2
40	112	1
40	118	1
40	122	2
40	139	1
40	147	2
40	165	1
40	166	2
40	169	2
40	175	1
40	181	1
40	184	1
40	199	1
40	203	1
40	205	1
40	209	1
40	210	2
40	211	1
40	213	1
40	215	3
40	224	1
40	225	1
40	234	1
40	252	1
40	262	2
40	265	2
40	274	1
40	275	2
40	276	1
40	281	1
40	287	1
40	298	2
40	303	1
40	305	1
40	312	1
40	313	1
40	318	1
40	320	1
40	329	2
40	338	1
40	341	1
40	344	1
40	360	1
40	370	1
40	375	1
40	441	1
41	42	1
41	50	1
41	53	1
41	55	1
41	64	1
41	65	1
41	66	1
41	67	1
41	71	1
41	78	1
41	83	1
41	85	1
42	48	1
42	50	3
42	51	1
42	52	1
42	53	1
42	55	3
42	62	1
42	64	2
42	66	2
42	67	1
42	71	2
42	75	1
42	77	2
42	78	2
42	79	1
42	82	1
42	83	3
42	101	1
42	108	1
42	112	1
42	118	1
42	119	1
42	139	1
42	163	1
42	164	1
42	166	2
42	175	1
42	181	1
42	199	1
42	215	1
42	288	1
42	346	1
42	349	1
42	381	1
42	396	1
43	45	1
43	57	1
43	64	1
43	67	1
43	72	1
43	173	1
44	55	1
44	82	1
44	164	1
45	54	1
45	55	1
45	57	1
45	64	1
45	66	1
45	67	2
45	72	1
45	83	1
45	88	1
45	91	1
45	107	1
45	166	2
45	181	2
45	252	1
45	352	1
45	408	1
46	53	1
46	76	1
46	96	1
46	108	1
46	112	1
46	118	1
46	139	1
46	360	1
47	96	1
47	205	1
47	256	1
48	50	1
48	55	1
48	62	1
48	64	2
48	66	1
48	71	1
48	77	1
48	80	2
48	83	1
48	112	1
48	166	1
49	71	1
49	96	1
49	108	1
49	209	1
49	252	1
49	284	1
50	53	1
50	55	3
50	57	3
50	58	2
50	59	2
50	61	1
50	62	3
50	63	1
50	64	3
50	66	2
50	67	1
50	68	1
50	71	2
50	76	1
50	77	1
50	78	1
50	80	2
50	83	5
50	95	2
50	96	2
50	101	2
50	105	1
50	108	3
50	118	1
50	139	1
50	147	3
50	165	1
50	166	3
50	169	1
50	173	1
50	181	1
50	184	1
50	199	1
50	203	1
50	205	3
50	207	1
50	209	1
50	210	1
50	211	1
50	213	1
50	215	3
50	224	1
50	225	1
50	234	1
50	240	1
50	252	2
50	255	1
50	256	1
50	262	2
50	265	2
50	267	1
50	274	1
50	275	2
50	276	1
50	278	1
50	281	1
50	287	1
50	298	1
50	300	1
50	303	2
50	305	1
50	313	2
50	314	1
50	319	1
50	320	1
50	339	1
50	341	1
50	370	1
51	52	1
51	53	1
51	56	1
51	76	1
51	100	1
51	119	1
51	166	1
51	213	1
51	220	1
51	278	1
51	312	1
52	58	1
52	59	1
52	65	2
52	66	1
52	80	1
52	85	2
52	87	1
52	101	1
52	197	1
52	252	1
52	300	1
53	55	2
53	56	1
53	57	1
53	66	1
53	75	1
53	78	1
53	79	1
53	80	1
53	82	1
53	95	1
53	96	2
53	101	1
53	105	1
53	108	1
53	112	1
53	116	1
53	164	1
53	173	1
53	175	1
53	181	2
53	195	1
53	199	1
53	203	1
53	204	1
53	205	1
53	208	1
53	215	1
53	227	1
53	252	1
53	256	1
53	265	1
53	284	1
53	306	1
53	308	1
53	314	1
53	334	1
53	335	1
53	346	1
53	353	1
53	355	1
53	358	1
53	359	1
53	369	1
53	376	1
53	402	1
54	57	1
54	61	1
54	62	1
54	64	2
54	66	2
54	83	1
54	96	1
54	122	2
54	199	1
54	252	1
54	304	1
54	351	1
54	384	1
55	56	1
55	64	1
55	65	1
55	66	2
55	67	1
55	68	1
55	71	1
55	77	1
55	78	1
55	83	3
55	86	1
55	89	1
55	92	1
55	101	1
55	105	1
55	108	2
55	112	1
55	117	1
55	122	2
55	139	1
55	166	1
55	169	1
55	181	1
55	213	1
55	215	1
55	219	1
55	244	1
55	252	2
55	256	1
55	264	1
55	429	1
56	57	2
56	117	1
56	203	1
57	61	3
57	64	1
57	66	2
57	67	1
57	68	1
57	83	1
57	84	1
57	96	1
57	99	1
57	100	1
57	101	1
57	108	1
57	122	2
57	131	1
57	139	1
57	147	1
57	155	1
57	165	2
57	166	2
57	173	1
57	181	1
57	184	1
57	194	1
57	196	2
57	199	1
57	205	2
57	209	2
57	210	2
57	211	3
57	213	2
57	215	1
57	224	1
57	227	1
57	228	1
57	240	1
57	243	1
57	250	1
57	251	1
57	252	1
57	265	1
57	275	1
57	287	1
57	293	1
57	303	1
57	305	2
57	308	1
57	310	1
57	312	1
57	318	1
57	342	1
57	344	1
57	351	1
57	356	1
57	360	1
57	381	1
57	389	1
58	62	1
58	63	1
58	64	1
58	66	1
58	71	1
58	76	1
58	83	1
58	95	1
58	108	1
58	147	1
58	166	1
58	215	1
58	252	1
58	326	1
58	403	1
59	63	1
59	83	1
59	101	2
59	108	1
59	139	1
59	147	1
59	208	1
59	213	1
59	215	2
59	252	2
59	300	1
59	403	1
59	421	1
60	61	1
60	213	1
60	252	1
60	389	1
61	66	2
61	77	1
61	101	1
61	108	2
61	122	1
61	131	1
61	148	1
61	166	2
61	173	1
61	181	2
61	205	2
61	208	1
61	215	1
61	306	1
61	308	1
61	328	1
61	345	1
61	351	1
61	353	1
61	355	1
61	358	1
61	359	1
61	360	1
62	64	1
62	66	2
62	67	1
62	71	1
62	80	1
62	83	2
62	101	1
62	107	1
62	108	1
62	109	1
62	112	1
62	118	1
62	122	1
62	139	1
62	166	3
62	169	1
62	181	2
62	203	1
62	204	1
62	206	1
62	208	1
62	210	1
62	215	1
62	221	1
62	224	1
62	225	2
62	227	2
62	234	2
62	252	2
62	256	1
62	261	1
62	268	1
62	289	2
62	294	1
62	383	1
62	397	1
62	402	1
62	440	1
63	95	1
63	108	1
63	252	1
64	65	1
64	66	3
64	67	2
64	68	1
64	71	2
64	72	2
64	77	2
64	78	1
64	79	1
64	80	1
64	83	3
64	84	1
64	86	1
64	89	1
64	92	1
64	93	1
64	96	1
64	99	1
64	101	1
64	108	1
64	109	1
64	112	2
64	122	2
64	123	1
64	125	1
64	126	1
64	164	2
64	166	3
64	181	3
64	194	1
64	199	2
64	204	1
64	215	1
64	219	1
64	228	1
64	239	1
64	241	1
64	244	1
64	250	1
64	252	1
64	254	1
64	264	1
64	271	1
64	283	1
64	350	1
64	383	1
64	387	1
64	429	1
65	66	1
65	76	1
65	83	1
65	85	2
65	87	1
65	88	1
65	93	1
65	111	1
65	122	2
65	166	2
65	252	2
66	67	3
66	68	1
66	71	2
66	72	1
66	77	1
66	78	1
66	83	1
66	96	1
66	101	1
66	108	2
66	112	1
66	122	1
66	147	1
66	164	1
66	166	3
66	181	3
66	192	1
66	199	1
66	211	1
66	215	2
66	216	1
66	252	1
66	282	1
66	283	1
66	284	1
66	289	1
66	325	1
66	358	1
66	361	1
66	383	1
66	384	1
66	386	1
67	68	1
67	71	1
67	72	1
67	77	2
67	78	1
67	83	1
67	84	1
67	88	1
67	91	1
67	96	1
67	99	1
67	122	2
67	131	1
67	166	2
67	169	1
67	173	1
67	194	1
67	205	1
67	216	1
67	243	1
67	244	1
67	250	1
67	276	1
67	384	2
68	71	1
68	72	1
68	83	1
68	101	1
68	166	1
68	181	1
68	252	1
68	405	1
69	78	1
69	133	1
69	244	1
70	99	1
71	77	2
71	80	2
71	83	2
71	101	2
71	108	2
71	112	1
71	122	2
71	155	1
71	166	2
71	169	1
71	181	2
71	184	1
71	192	1
71	199	1
71	202	1
71	210	1
71	215	2
71	244	2
71	256	1
71	298	1
71	309	1
71	312	1
71	350	1
72	84	1
72	85	1
72	87	1
72	99	1
72	131	1
72	139	1
72	155	1
72	166	1
72	181	1
72	194	1
72	209	1
72	225	1
72	252	1
72	352	1
73	122	1
75	108	1
75	118	1
75	119	1
75	139	1
75	166	1
75	207	1
75	209	1
75	227	1
75	305	1
76	80	1
76	108	2
76	118	1
76	139	1
76	147	1
76	163	1
76	169	1
76	203	1
76	206	1
76	210	1
76	211	1
76	213	1
76	221	1
76	224	1
76	227	1
76	234	1
76	240	1
76	250	1
76	252	1
76	255	1
76	261	1
76	262	1
76	268	1
76	284	1
76	294	1
76	305	1
76	310	1
76	360	1
76	381	1
77	78	2
77	79	1
77	83	2
77	85	1
77	101	1
77	103	1
77	133	2
77	137	2
77	140	1
77	144	1
77	151	1
77	166	2
77	178	1
77	181	1
77	199	1
77	215	1
77	244	1
77	251	1
77	252	2
77	302	1
77	355	1
77	407	1
77	411	1
77	413	1
77	443	1
77	447	1
78	79	1
78	80	1
78	82	1
78	83	1
78	108	2
78	140	1
78	143	2
78	144	1
78	146	1
78	164	1
78	166	1
78	177	1
78	181	1
78	186	1
78	187	1
78	202	1
78	209	1
78	224	1
78	240	1
78	252	1
78	261	1
78	277	1
78	331	1
78	387	1
79	82	1
79	119	1
79	196	1
80	83	1
80	101	1
80	107	1
80	108	1
80	169	2
80	215	1
80	216	1
80	221	1
80	225	1
80	234	1
80	237	1
80	241	1
80	252	1
80	256	1
80	268	1
80	270	1
80	289	1
80	294	1
80	321	1
82	207	1
82	224	1
82	261	1
83	89	1
83	95	1
83	96	2
83	101	1
83	107	1
83	108	1
83	112	2
83	116	1
83	117	1
83	122	1
83	147	1
83	164	1
83	166	3
83	169	1
83	175	1
83	181	1
83	199	2
83	208	2
83	211	2
83	215	2
83	216	1
83	221	1
83	225	2
83	234	1
83	237	1
83	252	2
83	256	1
83	267	1
83	270	1
83	276	1
83	278	1
83	283	1
83	286	1
83	289	2
83	290	1
83	294	1
83	318	1
83	321	1
84	122	1
84	166	1
84	229	1
84	399	1
85	122	1
85	166	1
85	196	1
85	209	1
85	248	1
85	252	1
85	410	1
85	421	1
87	252	1
88	239	1
88	240	1
88	252	1
89	252	1
93	166	1
95	101	1
95	108	1
95	139	1
95	210	1
95	211	1
95	215	2
95	252	2
95	360	1
95	388	1
96	108	2
96	122	1
96	166	1
96	181	1
96	184	1
96	207	1
96	209	2
96	211	2
96	213	2
96	215	1
96	220	1
96	224	1
96	240	1
96	252	3
96	265	1
96	280	1
96	293	1
96	305	2
96	308	1
96	312	2
96	318	1
96	344	1
97	98	3
97	152	1
97	158	1
97	167	1
97	171	1
97	189	1
97	190	1
97	198	1
97	200	3
97	285	1
97	357	1
97	418	1
98	134	1
98	149	1
98	156	1
98	167	1
98	168	1
98	189	1
98	190	1
98	201	2
98	220	1
98	230	1
98	258	1
98	327	1
98	367	1
99	166	1
100	196	1
101	108	1
101	147	1
101	166	1
101	169	1
101	181	1
101	199	2
101	209	1
101	215	1
101	239	1
101	241	1
101	252	1
101	256	1
101	282	1
101	283	1
101	284	1
101	305	1
101	316	1
101	318	1
101	353	1
101	360	1
101	369	1
101	386	1
101	388	1
101	402	1
105	396	1
105	398	1
107	108	1
107	155	1
107	203	1
107	225	1
107	252	1
107	267	1
107	283	1
108	118	1
108	122	1
108	139	1
108	146	1
108	166	1
108	173	2
108	175	1
108	181	1
108	183	1
108	195	1
108	199	1
108	205	2
108	206	1
108	207	1
108	209	1
108	211	1
108	213	1
108	215	1
108	225	1
108	227	1
108	240	1
108	251	1
108	252	2
108	254	1
108	255	1
108	256	1
108	284	1
108	293	1
108	305	1
108	306	1
108	307	1
108	310	1
108	312	1
108	314	1
108	344	1
108	346	1
108	348	1
108	349	1
108	351	1
108	376	1
108	386	1
108	400	1
109	211	1
109	396	1
112	139	1
112	166	1
112	211	1
112	252	1
117	118	1
118	146	1
118	147	1
118	163	1
118	173	1
118	203	1
118	210	1
118	216	1
118	221	1
118	227	1
118	234	1
118	251	1
118	256	1
118	261	1
118	268	1
118	276	1
118	278	1
118	293	1
118	427	1
119	205	1
119	252	1
122	154	1
122	155	1
122	166	2
122	173	1
122	181	2
122	184	1
122	196	1
122	203	1
122	216	1
122	219	1
122	221	1
122	225	1
122	241	1
122	283	1
122	384	1
134	167	1
134	168	1
135	139	1
135	205	1
135	210	2
135	211	1
137	143	1
139	147	1
139	203	1
139	205	1
139	207	1
139	210	1
139	211	1
139	227	1
139	234	1
139	251	1
139	255	1
139	256	1
139	261	1
139	262	1
139	267	1
139	270	1
139	278	1
139	286	1
139	294	1
139	303	1
139	329	1
139	335	1
139	348	1
140	273	1
143	146	1
143	205	1
143	207	1
143	240	1
143	256	1
146	163	1
146	207	1
146	209	1
146	252	1
147	169	1
147	173	1
147	192	1
147	211	1
147	213	1
147	215	1
147	240	1
147	252	2
147	271	1
147	348	1
147	423	1
148	351	1
149	156	1
149	201	1
149	223	1
149	230	1
152	153	1
152	171	1
152	200	1
152	373	1
152	379	1
153	214	1
153	285	1
153	337	1
153	373	1
154	166	1
155	166	2
155	289	1
156	201	1
156	230	1
156	257	1
158	200	1
160	437	1
163	205	1
163	227	1
163	252	1
163	414	1
164	261	1
165	166	1
165	184	1
165	211	1
165	252	1
166	171	1
166	173	1
166	181	2
166	184	2
166	194	1
166	199	2
166	204	1
166	205	1
166	211	1
166	215	1
166	216	1
166	225	1
166	244	1
166	252	1
166	276	2
166	278	1
166	283	1
166	351	1
166	378	1
166	384	1
167	189	1
168	367	1
169	199	1
169	210	1
169	211	1
169	215	1
169	225	1
169	256	1
169	326	1
169	329	1
169	351	1
169	388	1
169	416	1
169	436	1
171	200	1
171	379	1
173	209	2
173	213	2
173	215	1
173	224	1
173	240	1
173	252	2
173	261	1
173	293	1
173	305	2
173	312	1
173	318	1
173	344	1
173	356	1
173	422	1
175	227	1
176	177	1
181	194	1
181	199	1
181	215	1
181	244	1
181	250	1
181	252	1
181	384	1
181	394	1
181	439	1
183	207	1
183	261	1
184	205	1
184	210	2
184	211	1
184	215	1
184	265	1
184	298	1
184	320	1
187	188	1
187	201	2
187	202	2
187	207	1
187	217	1
187	220	1
187	235	1
187	242	1
187	252	1
187	266	1
187	269	1
187	291	1
187	306	1
187	311	1
188	196	1
189	190	1
192	268	1
192	282	1
194	229	1
194	252	1
194	422	1
196	205	1
196	220	1
196	227	1
196	304	1
196	438	1
198	285	1
199	209	1
199	213	1
199	215	1
199	252	1
199	283	1
199	284	1
199	305	1
199	307	1
199	318	1
199	328	1
199	360	1
199	369	1
199	386	1
199	402	1
199	431	1
200	285	1
201	202	1
201	207	1
201	217	2
201	220	1
201	223	1
201	230	1
201	231	1
201	257	1
201	311	1
202	217	1
202	220	1
202	235	1
202	252	1
202	306	2
203	211	1
203	221	1
204	284	1
205	209	2
205	210	2
205	213	1
205	220	1
205	224	1
205	240	1
205	250	1
205	252	2
205	261	1
205	265	1
205	293	1
205	305	2
205	308	1
205	312	1
205	318	1
205	344	1
205	356	1
205	376	1
206	220	1
206	227	1
206	240	1
206	256	1
206	261	1
207	211	1
207	252	1
207	280	1
207	310	1
207	401	1
208	252	1
208	255	1
208	305	1
209	215	1
209	220	1
209	225	1
209	227	1
209	251	1
209	312	1
209	314	1
209	334	1
209	335	1
209	345	1
209	353	2
209	359	1
209	362	1
209	365	1
209	434	1
210	211	2
210	215	1
210	251	1
210	262	1
210	265	1
210	286	1
210	289	1
210	298	1
210	303	1
211	215	1
211	221	1
211	240	1
211	252	1
211	255	1
211	256	1
211	265	1
211	270	1
211	314	1
211	320	1
213	220	1
213	227	1
213	251	1
213	255	1
213	256	1
213	261	1
213	389	1
214	285	1
215	252	2
215	271	2
215	298	1
215	378	1
215	382	1
215	442	1
216	227	1
216	256	1
216	278	1
217	242	1
217	311	1
220	240	1
221	234	1
221	250	1
221	252	1
221	256	1
221	267	1
221	278	2
223	230	1
223	231	1
224	261	1
224	277	1
224	286	1
224	344	1
224	349	1
225	252	2
225	267	1
225	270	1
225	278	1
225	289	1
227	240	1
227	250	1
227	256	1
227	261	1
227	278	1
227	283	1
227	293	1
227	305	1
227	310	1
227	356	1
227	448	1
228	252	1
229	252	1
230	231	1
230	257	1
231	257	1
234	240	1
234	250	1
234	255	1
234	256	1
234	268	1
234	286	1
239	282	1
239	284	1
239	436	1
240	251	1
240	256	1
240	261	1
240	265	1
240	268	1
240	319	1
240	366	1
240	376	1
241	252	1
241	360	1
241	433	1
244	252	1
246	291	1
248	249	1
251	262	1
251	265	1
251	312	1
252	254	2
252	256	2
252	261	1
252	267	1
252	271	2
252	276	1
252	278	1
252	303	1
252	306	1
252	308	1
252	312	2
252	314	1
252	319	1
252	333	1
252	334	1
252	345	1
252	350	1
252	352	1
252	353	1
252	355	1
252	358	2
252	359	2
252	364	1
252	372	1
255	256	1
255	263	1
255	267	1
255	276	1
255	278	1
255	286	1
255	324	1
256	262	1
256	267	1
256	289	1
256	293	1
256	294	1
256	305	1
256	347	1
256	356	1
261	310	1
261	347	1
261	401	1
265	386	1
267	270	1
268	286	1
269	292	1
275	303	1
276	289	1
276	294	1
278	289	1
280	302	1
280	383	1
282	318	1
282	360	1
282	369	1
283	360	1
283	397	1
284	369	1
284	383	1
285	337	1
285	357	1
291	292	1
293	314	1
293	348	1
293	434	1
298	360	1
302	358	1
305	308	1
305	314	1
305	334	1
305	345	1
305	355	1
305	358	1
305	427	1
306	345	1
307	318	1
308	309	1
308	345	1
308	351	1
308	359	1
309	345	1
312	348	1
314	344	1
314	356	1
318	319	1
318	333	1
318	389	1
318	408	1
319	344	1
325	384	1
328	353	1
328	359	1
333	351	1
337	373	1
344	345	1
344	351	1
344	362	1
345	351	1
351	353	1
351	359	1
351	362	1
351	364	1
351	372	1
351	391	1
351	412	1
359	364	1
360	381	1
360	386	1
360	388	1
360	392	1
360	394	1
360	440	1
369	386	1
373	379	1
381	383	1
384	397	1
386	414	1
410	421	1
436	445	1
443	447	1
